data:
5.000000, 11.000000,
10.000000, 16.000000,
11.000000, 9.000000,
42.000000, 23.000000,
46.000000, 32.000000,
49.000000, 23.000000,
22.000000, 51.000000,
17.000000, 57.000000,
23.000000, 56.000000,

generating centers...
centers:
29.000000, 57.000000,
29.000000, 57.000000,
29.000000, 57.000000,

new centers:
25.000000, 30.888889,
25.000000, 30.888889,
25.000000, 30.888889,

new centers:
25.000000, 30.888889,
25.000000, 30.888889,
25.000000, 30.888889,

new centers:
25.000000, 30.888889,
25.000000, 30.888889,
25.000000, 30.888889,

new centers:
25.000000, 30.888889,
25.000000, 30.888889,
25.000000, 30.888889,

converged

predictions:
5.000000, 11.000000, : 0
10.000000, 16.000000, : 0
11.000000, 9.000000, : 0
42.000000, 23.000000, : 0
46.000000, 32.000000, : 0
49.000000, 23.000000, : 0
22.000000, 51.000000, : 0
17.000000, 57.000000, : 0
23.000000, 56.000000, : 0